20.39649963378906250000
38.40270614624023437500
38.40270614624023437500
42.22570419311523437500
42.43230819702148437500
42.43230819702148437500
42.43230819702148437500
42.43230819702148437500
42.43230819702148437500
42.82360839843750000000
42.82360839843750000000
42.82360839843750000000
42.82360839843750000000
42.82360839843750000000
42.82360839843750000000
42.82360839843750000000
42.82360839843750000000
42.82360839843750000000
42.82360839843750000000
42.82360839843750000000
47.04679489135742187500
47.04679489135742187500
47.04679489135742187500
47.04679489135742187500
47.04679489135742187500
47.04679489135742187500
52.82445144653320312500
49.68840026855468750000
49.68840026855468750000
49.68840026855468750000
58.73070144653320312500
49.99041748046875000000
50.10288238525390625000
42.35544204711914062500
44.42945480346679687500
44.42945480346679687500
44.42945480346679687500
58.43545913696289062500
58.43545913696289062500
40.54270553588867187500
40.54270553588867187500
40.54270553588867187500
40.54270553588867187500
40.54270553588867187500
40.54270553588867187500
40.54270553588867187500
-43.97961425781250000000
-43.97961425781250000000
58.59696578979492187500
43.01497268676757812500
43.01497268676757812500
43.01497268676757812500
43.01497268676757812500
43.01497268676757812500
45.54526901245117187500
45.54526901245117187500
45.54526901245117187500
45.54526901245117187500
45.54526901245117187500
45.54526901245117187500
45.54526901245117187500
50.50029754638671875000
56.42987060546875000000
55.24869155883789062500
55.24869155883789062500
55.24869155883789062500
55.24869155883789062500
55.24869155883789062500
55.24869155883789062500
55.24869155883789062500
55.24869155883789062500
55.24869155883789062500
55.24869155883789062500
58.27464675903320312500
53.72151947021484375000
42.08915328979492187500
-53.09399414062500000000
-53.09399414062500000000
-53.09399414062500000000
-53.09399414062500000000
-53.09399414062500000000
-52.72687530517578125000
-56.60851287841796875000
-56.60851287841796875000
-57.57678222656250000000
32.59407424926757812500
-57.14582443237304687500
-57.14582443237304687500
-38.27193069458007812500
-38.27193069458007812500
-38.27193069458007812500
-38.27193069458007812500
48.76543426513671875000
48.76543426513671875000
48.76543426513671875000
48.76543426513671875000
50.51314163208007812500
50.51314163208007812500
59.79816818237304687500
57.94217681884765625000
57.94217681884765625000
57.94217681884765625000
57.94217681884765625000
57.94217681884765625000
57.94217681884765625000
-39.10978317260742187500
35.13033294677734375000
35.13033294677734375000
56.63171386718750000000
-56.53107070922851562500
-53.77169418334960937500
-53.77169418334960937500
-53.77169418334960937500
-53.77169418334960937500
-53.77169418334960937500
-53.77169418334960937500
53.70684432983398437500
53.70684432983398437500
53.70684432983398437500
53.70684432983398437500
57.62607192993164062500
57.62607192993164062500
57.62607192993164062500
57.62607192993164062500
57.62607192993164062500
58.26790618896484375000
58.26790618896484375000
58.26790618896484375000
58.26790618896484375000
59.00342941284179687500
59.00342941284179687500
59.00342941284179687500
59.00342941284179687500
-53.60260772705078125000
-53.60260772705078125000
-59.86900711059570312500
-59.86900711059570312500
-59.86900711059570312500
-59.86900711059570312500
-59.86900711059570312500
41.38931274414062500000
41.38931274414062500000
59.71562576293945312500
-59.98449707031250000000
-59.98449707031250000000
45.20479583740234375000
45.20479583740234375000
45.39747619628906250000
25.68266868591308593750
29.25300788879394531250
-47.88027191162109375000
-47.88027191162109375000
42.69792938232421875000
42.69792938232421875000
42.69792938232421875000
42.69792938232421875000
42.69792938232421875000
42.69792938232421875000
42.69792938232421875000
42.69792938232421875000
30.33599853515625000000
30.33599853515625000000
30.33599853515625000000
30.33599853515625000000
30.33599853515625000000
30.33599853515625000000
30.33599853515625000000
30.33599853515625000000
30.33599853515625000000
30.33599853515625000000
41.45233154296875000000
41.45233154296875000000
36.29640579223632812500
34.08901977539062500000
34.08901977539062500000
34.08901977539062500000
-58.21270370483398437500
-57.96670913696289062500
-57.96670913696289062500
-55.05349731445312500000
-35.03952789306640625000
-57.41234970092773437500
-57.41234970092773437500
-57.41234970092773437500
38.41426086425781250000
38.41426086425781250000
-33.37435150146484375000
-33.37435150146484375000
47.25175476074218750000
39.79386901855468750000
-37.44673156738281250000
-35.20323562622070312500
-35.20323562622070312500
49.43159103393554687500
25.09388542175292968750
-59.52607345581054687500
57.20050811767578125000
57.20050811767578125000
57.20050811767578125000
-59.03835296630859375000
-59.03835296630859375000
-59.03835296630859375000
-59.03835296630859375000
-59.03835296630859375000
-37.44673156738281250000
-37.44673156738281250000
-41.28941726684570312500
-41.28941726684570312500
-41.28941726684570312500
-41.28941726684570312500
-41.28941726684570312500
-41.28941726684570312500
-41.28941726684570312500
-23.14051437377929687500
-23.14051437377929687500
-46.46736145019531250000
-57.83024215698242187500
-42.76806640625000000000
-42.76806640625000000000
-42.76806640625000000000
-42.76806640625000000000
-42.76806640625000000000
-42.76806640625000000000
-42.76806640625000000000
-42.76806640625000000000
38.81066131591796875000
38.81066131591796875000
35.81028747558593750000
35.81028747558593750000
35.81028747558593750000
35.81028747558593750000
35.81028747558593750000
35.81028747558593750000
-59.67950057983398437500
-59.67950057983398437500
-59.67950057983398437500
-59.67950057983398437500
-59.67950057983398437500
-59.67950057983398437500
-59.67950057983398437500
-59.67950057983398437500
-59.67950057983398437500
-59.67950057983398437500
-59.67950057983398437500
-59.67950057983398437500
-59.67950057983398437500
-59.67950057983398437500
31.77672386169433593750
31.77672386169433593750
31.77672386169433593750
31.77672386169433593750
31.77672386169433593750
31.77672386169433593750
59.45543670654296875000
59.45543670654296875000
-15.73977851867675781250
-15.73977851867675781250
-15.73977851867675781250
54.51513290405273437500
54.51513290405273437500
35.92971038818359375000
35.92971038818359375000
32.09890365600585937500
32.09890365600585937500
32.09890365600585937500
32.09890365600585937500
32.09890365600585937500
32.09890365600585937500
-59.03551101684570312500
-59.03551101684570312500
-59.03551101684570312500
-59.03551101684570312500
-51.74767303466796875000
-51.74767303466796875000
-51.74767303466796875000
-51.74767303466796875000
-51.74767303466796875000
-51.74767303466796875000
-59.81642150878906250000
-59.81642150878906250000
-59.81642150878906250000
-59.81642150878906250000
-59.81642150878906250000
-59.81642150878906250000
-59.81642150878906250000
-59.81642150878906250000
-59.81642150878906250000
-59.81642150878906250000
-59.81642150878906250000
-59.81642150878906250000
-59.81642150878906250000
-59.81642150878906250000
-59.81642150878906250000
-59.81642150878906250000
-59.81642150878906250000
-59.81642150878906250000
53.93036651611328125000
40.39401245117187500000
21.42937850952148437500
21.42937850952148437500
21.42937850952148437500
21.42937850952148437500
21.42937850952148437500
21.42937850952148437500
-47.35084915161132812500
-29.02999114990234375000
-29.02999114990234375000
-58.76071166992187500000
-56.99630737304687500000
-56.99630737304687500000
-55.32281494140625000000
-55.32281494140625000000
57.66865158081054687500
57.66865158081054687500
57.66865158081054687500
57.66865158081054687500
57.66865158081054687500
57.66865158081054687500
57.66865158081054687500
57.66865158081054687500
57.66865158081054687500
57.66865158081054687500
57.66865158081054687500
-35.25160598754882812500
12.47780990600585937500
12.47780990600585937500
12.47780990600585937500
27.89317321777343750000
-18.19919013977050781250
-16.73683929443359375000
-18.19919013977050781250
-18.19919013977050781250
-18.19919013977050781250
-18.19919013977050781250
-18.19919013977050781250
-18.19919013977050781250
-49.84119796752929687500
-49.84119796752929687500
-49.84119796752929687500
-49.91074752807617187500
-49.91074752807617187500
-49.91074752807617187500
-49.91074752807617187500
-56.72448348999023437500
-35.69347763061523437500
-35.69347763061523437500
-35.69347763061523437500
-41.78797531127929687500
53.38607025146484375000
53.38607025146484375000
53.38607025146484375000
58.12469100952148437500
58.12469100952148437500
58.12469100952148437500
56.79279327392578125000
56.79279327392578125000
16.50168609619140625000
16.50168609619140625000
16.50168609619140625000
16.50168609619140625000
-50.72488021850585937500
-50.72488021850585937500
-50.72488021850585937500
-50.72488021850585937500
-55.92968368530273437500
-55.92968368530273437500
-55.92968368530273437500
-55.92968368530273437500
-55.92968368530273437500
57.93848800659179687500
2.73670625686645507812
-50.76589965820312500000
-39.43143844604492187500
-57.54609298706054687500
-57.54609298706054687500
-55.15094757080078125000
-55.15094757080078125000
-57.16616439819335937500
12.57898426055908203125
1.54826688766479492188
1.54826688766479492188
1.54826688766479492188
1.54826688766479492188
13.32003402709960937500
37.09923171997070312500
37.09923171997070312500
52.35031509399414062500
52.35031509399414062500
52.35031509399414062500
56.72534561157226562500
56.72534561157226562500
56.72534561157226562500
-17.83663749694824218750
-17.83663749694824218750
-17.83663749694824218750
-18.19919013977050781250
-56.97166824340820312500
-56.97166824340820312500
-51.23162078857421875000
-51.23162078857421875000
-51.23162078857421875000
-57.83024215698242187500
-45.48665237426757812500
-39.09778213500976562500
-39.09778213500976562500
-39.09778213500976562500
-39.09778213500976562500
-39.09778213500976562500
-39.09778213500976562500
-39.09778213500976562500
5.54259777069091796875
5.54259777069091796875
-41.60349273681640625000
-41.60349273681640625000
-41.60349273681640625000
14.07493591308593750000
14.07493591308593750000
14.07493591308593750000
14.07493591308593750000
14.07493591308593750000
14.07493591308593750000
7.50921678543090820312
7.50921678543090820312
7.50921678543090820312
7.50921678543090820312
5.00643062591552734375
16.65538787841796875000
50.70368576049804687500
50.70368576049804687500
15.69354820251464843750
11.22354698181152343750
11.22354698181152343750
8.48499965667724609375
9.12336921691894531250
9.12336921691894531250
9.12336921691894531250
9.12336921691894531250
9.12336921691894531250
9.12336921691894531250
11.25421619415283203125
30.48217773437500000000
30.48217773437500000000
30.48217773437500000000
30.48217773437500000000
30.48217773437500000000
30.48217773437500000000
30.48217773437500000000
30.48217773437500000000
30.48217773437500000000
-6.31860828399658203125
-8.51758766174316406250
47.11526107788085937500
47.11526107788085937500
47.11526107788085937500
47.11526107788085937500
47.11526107788085937500
47.11526107788085937500
27.05700302124023437500
27.05700302124023437500
-29.09722328186035156250
38.87018203735351562500
38.87018203735351562500
38.87018203735351562500
-25.09428596496582031250
-25.09428596496582031250
-25.09428596496582031250
-25.09428596496582031250
-25.09428596496582031250
-25.09428596496582031250
-25.35018730163574218750
-25.35018730163574218750
-25.35018730163574218750
-37.80194854736328125000
-37.80194854736328125000
-37.80194854736328125000
-37.80194854736328125000
59.76329421997070312500
-56.89572906494140625000
-56.89572906494140625000
-56.89572906494140625000
-56.89572906494140625000
-56.89572906494140625000
-56.89572906494140625000
-56.89572906494140625000
35.23508071899414062500
35.23508071899414062500
31.22792816162109375000
20.39649963378906250000
20.39649963378906250000
19.54270553588867187500
-16.69532394409179687500
9.17181491851806640625
0.00000000000000000000
0.00000000000000000000
0.00000000000000000000
0.00000000000000000000
0.00000000000000000000
0.00000000000000000000
0.00000000000000000000
0.00000000000000000000
0.00000000000000000000
0.00000000000000000000
0.00000000000000000000
0.00000000000000000000
0.00000000000000000000
0.00000000000000000000
0.00000000000000000000
0.00000000000000000000
0.00000000000000000000
0.00000000000000000000
0.00000000000000000000
0.00000000000000000000
0.00000000000000000000
0.00000000000000000000
0.00000000000000000000
0.00000000000000000000
0.00000000000000000000
0.00000000000000000000
0.00000000000000000000
0.00000000000000000000
0.00000000000000000000
0.00000000000000000000
0.00000000000000000000
0.00000000000000000000
-2.07612729072570800781
-2.07612729072570800781
-13.87993526458740234375
-15.54046440124511718750
-25.86861228942871093750
-25.86861228942871093750
-25.86861228942871093750
-27.42044258117675781250
-57.83024215698242187500
-36.54128646850585937500
-44.87543106079101562500
-44.87543106079101562500
-46.29749298095703125000
-46.29749298095703125000
-56.89572906494140625000
-59.97948455810546875000
-59.97948455810546875000
-2.23077368736267089844
1.53763747215270996094
-55.72835540771484375000
-55.72835540771484375000
-55.72835540771484375000
-49.88376998901367187500
-49.88376998901367187500
18.76092529296875000000
-2.89309835433959960938
-24.48686027526855468750
-16.95980262756347656250
-16.95980262756347656250
-16.95980262756347656250
-16.95980262756347656250
-16.95980262756347656250
-16.95980262756347656250
-16.95980262756347656250
-19.14530563354492187500
-19.14530563354492187500
-19.14530563354492187500
-19.14530563354492187500
-19.14530563354492187500
-19.14530563354492187500
-19.14530563354492187500
-19.14530563354492187500
-19.14530563354492187500
-19.14530563354492187500
-19.47442817687988281250
-19.47442817687988281250
-19.47442817687988281250
-19.47442817687988281250
-19.47442817687988281250
-19.47442817687988281250
-19.47442817687988281250
-19.47442817687988281250
-19.47442817687988281250
-19.47442817687988281250
-19.47442817687988281250
-19.47442817687988281250
-19.47442817687988281250
-4.23593711853027343750
-4.23593711853027343750
-4.23593711853027343750
-0.52567094564437866211
-0.52567094564437866211
26.25098609924316406250
-16.03109931945800781250
-16.03109931945800781250
-16.03109931945800781250
-16.03109931945800781250
-16.03109931945800781250
-16.03109931945800781250
-16.03109931945800781250
-17.33766174316406250000
-17.33766174316406250000
-17.33766174316406250000
-17.33766174316406250000
-17.33766174316406250000
-17.33766174316406250000
-17.33766174316406250000
-17.33766174316406250000
-17.33766174316406250000
-17.33766174316406250000
-16.76156044006347656250
-16.76156044006347656250
-16.76156044006347656250
-14.66876029968261718750
-14.66876029968261718750
-14.66876029968261718750
-14.66876029968261718750
-14.66876029968261718750
-14.66876029968261718750
-15.71396827697753906250
-25.54646492004394531250
-24.85313796997070312500
-26.13117408752441406250
-26.13117408752441406250
-26.13117408752441406250
-37.43872451782226562500
-37.43872451782226562500
-37.43872451782226562500
-37.43872451782226562500
-37.43872451782226562500
23.80483818054199218750
23.80483818054199218750
23.80483818054199218750
23.80483818054199218750
23.80483818054199218750
23.80483818054199218750
23.80483818054199218750
23.80483818054199218750
23.80483818054199218750
23.80483818054199218750
23.80483818054199218750
23.80483818054199218750
23.80483818054199218750
23.80483818054199218750
23.80483818054199218750
-5.08991527557373046875
-5.08991527557373046875
-25.16414070129394531250
-5.03618383407592773438
-5.03618383407592773438
-5.03618383407592773438
-5.03618383407592773438
-5.03618383407592773438
-5.03618383407592773438
-5.03618383407592773438
8.98137569427490234375
58.17014694213867187500
58.17014694213867187500
58.17014694213867187500
58.17014694213867187500
12.82336616516113281250
8.98137569427490234375
-33.17705154418945312500
-33.17705154418945312500
-33.17705154418945312500
5.67827796936035156250
8.98137569427490234375
8.98137569427490234375
-24.68697357177734375000
-24.68697357177734375000
-24.68697357177734375000
-24.68697357177734375000
-24.68697357177734375000
-24.68697357177734375000
-24.68697357177734375000
-24.68697357177734375000
-24.68697357177734375000
-24.68697357177734375000
-10.92269992828369140625
-10.92269992828369140625
-10.92269992828369140625
-10.92269992828369140625
-10.92269992828369140625
-10.92269992828369140625
-10.92269992828369140625
-10.92269992828369140625
-10.92269992828369140625
-10.92269992828369140625
-8.60451412200927734375
-9.41046237945556640625
-9.41046237945556640625
-9.41046237945556640625
-9.41046237945556640625
-9.41046237945556640625
-9.41046237945556640625
-9.41046237945556640625
-9.41046237945556640625
13.29314899444580078125
13.29314899444580078125
-6.99247884750366210938
-6.99247884750366210938
48.85597229003906250000
48.85597229003906250000
-15.68565559387207031250
-15.68565559387207031250
-15.68565559387207031250
-12.36667251586914062500
-12.36667251586914062500
-12.36667251586914062500
-12.36667251586914062500
-12.36667251586914062500
-14.28759670257568359375
-12.36667251586914062500
-47.80667495727539062500
-50.76589965820312500000
-44.43357467651367187500
-44.43357467651367187500
-44.06877517700195312500
-56.17961120605468750000
-56.17961120605468750000
-52.84994888305664062500
-52.84994888305664062500
-52.84994888305664062500
-46.52421951293945312500
-46.52421951293945312500
-46.52421951293945312500
-46.52421951293945312500
-46.52421951293945312500
34.65222930908203125000
-50.14540100097656250000
-47.28878784179687500000
-51.08371353149414062500
-51.08371353149414062500
-51.08371353149414062500
-51.08371353149414062500
31.96490669250488281250
27.79863739013671875000
27.79863739013671875000
26.64768791198730468750
23.89616775512695312500
23.35760688781738281250
23.35760688781738281250
24.12335205078125000000
24.12335205078125000000
24.12335205078125000000
24.12335205078125000000
-25.70727729797363281250
-25.70727729797363281250
-25.70727729797363281250
-25.70727729797363281250
-25.70727729797363281250
-29.12406921386718750000
-29.12406921386718750000
-29.12406921386718750000
-29.12406921386718750000
-29.12406921386718750000
-28.78679847717285156250
56.63171386718750000000
56.63171386718750000000
55.81604766845703125000
55.81604766845703125000
55.81604766845703125000
55.81604766845703125000
55.81604766845703125000
55.81604766845703125000
33.48803329467773437500
33.48803329467773437500
-9.19153022766113281250
-9.19153022766113281250
-9.19153022766113281250
-54.75783157348632812500
-54.75783157348632812500
3.99964046478271484375
46.60039520263671875000
46.60039520263671875000
46.60039520263671875000
46.60039520263671875000
46.60039520263671875000
46.60039520263671875000
46.60039520263671875000
48.83790969848632812500
48.83790969848632812500
44.97660827636718750000
44.97660827636718750000
44.97660827636718750000
44.97660827636718750000
44.97660827636718750000
44.97660827636718750000
44.97660827636718750000
44.97660827636718750000
10.40593624114990234375
-7.92335844039916992188
48.15758514404296875000
48.15758514404296875000
46.26385879516601562500
46.26385879516601562500
46.26385879516601562500
46.26385879516601562500
46.26385879516601562500
-14.35434055328369140625
-14.35434055328369140625
-18.21529769897460937500
-18.21529769897460937500
-18.21529769897460937500
-18.21529769897460937500
48.58292770385742187500
48.58292770385742187500
48.58292770385742187500
45.92565536499023437500
45.92565536499023437500
45.92565536499023437500
45.92565536499023437500
45.92565536499023437500
45.92565536499023437500
45.92565536499023437500
45.92565536499023437500
45.92565536499023437500
45.92565536499023437500
45.92565536499023437500
50.27173995971679687500
50.27173995971679687500
50.27173995971679687500
50.27173995971679687500
50.27173995971679687500
50.27173995971679687500
27.32417869567871093750
38.46542358398437500000
38.46542358398437500000
38.46542358398437500000
38.37281417846679687500
38.37281417846679687500
38.37281417846679687500
38.37281417846679687500
38.37281417846679687500
-27.83490943908691406250
-19.56400299072265625000
37.27064514160156250000
37.27064514160156250000
37.27064514160156250000
38.54235458374023437500
38.54235458374023437500
2.30968976020812988281
2.30968976020812988281
2.30968976020812988281
2.30968976020812988281
-26.69860458374023437500
-26.69860458374023437500
-26.69860458374023437500
-57.83024215698242187500
-57.83024215698242187500
-57.83024215698242187500
-57.83024215698242187500
0.73798096179962158203
0.73798096179962158203
0.73798096179962158203
49.44165802001953125000
10.19213676452636718750
38.62022018432617187500
38.62022018432617187500
40.26317596435546875000
40.26317596435546875000
40.26317596435546875000
40.26317596435546875000
15.49644947052001953125
15.49644947052001953125
15.49644947052001953125
15.49644947052001953125
-44.62565994262695312500
-45.56903076171875000000
-45.56903076171875000000
-45.56903076171875000000
-45.56903076171875000000
-45.56903076171875000000
-43.60772705078125000000
-43.60772705078125000000
-43.60772705078125000000
-43.60772705078125000000
-43.60772705078125000000
-43.60772705078125000000
-43.60772705078125000000
-43.76416778564453125000
-43.76416778564453125000
54.13615798950195312500
54.13615798950195312500
54.13615798950195312500
54.13615798950195312500
54.13615798950195312500
54.13615798950195312500
54.13615798950195312500
54.13615798950195312500
54.13615798950195312500
-3.57773852348327636719
-3.57773852348327636719
-3.57773852348327636719
-3.57773852348327636719
-3.57773852348327636719
-4.84180498123168945312
-4.84180498123168945312
-4.84180498123168945312
-4.84180498123168945312
13.14920806884765625000
13.14920806884765625000
13.14920806884765625000
-58.46997833251953125000
-58.46997833251953125000
32.86773681640625000000
32.86773681640625000000
32.76992416381835937500
32.76992416381835937500
32.76992416381835937500
39.40445327758789062500
0.16212382912635803223
20.39649963378906250000
20.39649963378906250000
5.02678251266479492188
5.02678251266479492188
5.02678251266479492188
15.02914524078369140625
-23.99456214904785156250
-23.99456214904785156250
-23.99456214904785156250
-23.99456214904785156250
-25.68976593017578125000
-25.68976593017578125000
-25.68976593017578125000
-25.68976593017578125000
22.39877700805664062500
22.38877677917480468750
22.38877677917480468750
22.38877677917480468750
14.94110393524169921875
26.01775169372558593750
12.47780990600585937500
12.47780990600585937500
0.14404943585395812988
-1.66855061054229736328
-1.66855061054229736328
-1.66855061054229736328
-1.66855061054229736328
-1.66855061054229736328
-1.66855061054229736328
-1.66855061054229736328
-1.66855061054229736328
-1.66855061054229736328
-1.66855061054229736328
-1.66855061054229736328
-1.66855061054229736328
-0.32600030303001403809
-0.32600030303001403809
-0.32600030303001403809
-0.32600030303001403809
-0.32600030303001403809
-0.32600030303001403809
8.98137569427490234375
8.98137569427490234375
8.98137569427490234375
7.94566679000854492188
2.44958233833312988281
2.44958233833312988281
2.44958233833312988281
-39.59822845458984375000
-39.59822845458984375000
-39.59822845458984375000
-39.59822845458984375000
-39.59822845458984375000
-50.31433868408203125000
-50.31433868408203125000
-37.44673156738281250000
20.39649963378906250000
20.39649963378906250000
20.39649963378906250000
19.46323585510253906250
19.46323585510253906250
19.46323585510253906250
19.46323585510253906250
19.46323585510253906250
19.46323585510253906250
19.46323585510253906250
-57.91729354858398437500
-59.18278884887695312500
-59.18278884887695312500
-55.10443115234375000000
-48.03600311279296875000
-48.03600311279296875000
-57.21561050415039062500
-57.21561050415039062500
-40.89732360839843750000
-40.89732360839843750000
-37.44673156738281250000
-56.89572906494140625000
-56.89572906494140625000
-49.49378967285156250000
-49.49378967285156250000
-49.49378967285156250000
23.22182273864746093750
9.46565723419189453125
6.69927692413330078125
5.95377731323242187500
5.95377731323242187500
7.98219442367553710938
7.98219442367553710938
7.98219442367553710938
6.64417886734008789062
6.64417886734008789062
6.64417886734008789062
6.64417886734008789062
6.64417886734008789062
6.64417886734008789062
6.64417886734008789062
6.64417886734008789062
6.64417886734008789062
6.64417886734008789062
6.64417886734008789062
6.64417886734008789062
6.64417886734008789062
6.64417886734008789062
6.64417886734008789062
6.64417886734008789062
6.64417886734008789062
6.64417886734008789062
6.64417886734008789062
6.64417886734008789062
6.64417886734008789062
6.64417886734008789062
7.58921766281127929688
7.58921766281127929688
7.58921766281127929688
4.58473491668701171875
-3.21953034400939941406
-46.52421951293945312500
-46.52421951293945312500
-46.52421951293945312500
-46.52421951293945312500
-57.83024215698242187500
-57.83024215698242187500
-57.83024215698242187500
-57.83024215698242187500
-57.83024215698242187500
-57.83024215698242187500
-57.83024215698242187500
-57.83024215698242187500
-57.83024215698242187500
-57.83024215698242187500
-57.83024215698242187500
-57.83024215698242187500
-58.06469345092773437500
-50.67440795898437500000
-50.67440795898437500000
-50.67440795898437500000
0.00000000000000000000
0.00000000000000000000
0.00000000000000000000
0.00000000000000000000
0.00000000000000000000
-54.57576751708984375000
-54.57576751708984375000
-56.71349716186523437500
-56.71349716186523437500
-57.32178115844726562500
-57.32178115844726562500
-57.32178115844726562500
-47.44487380981445312500
-47.16342926025390625000
-47.16342926025390625000
-55.15480041503906250000
-55.15480041503906250000
-55.15480041503906250000
-54.29245376586914062500
-57.16616439819335937500
-57.16616439819335937500
1.51686227321624755859
-0.82208639383316040039
3.81915616989135742188
1.83110070228576660156
1.83110070228576660156
1.95452570915222167969
1.95452570915222167969
1.95452570915222167969
1.95452570915222167969
1.95452570915222167969
1.95452570915222167969
1.95452570915222167969
1.95452570915222167969
1.95452570915222167969
1.95452570915222167969
1.95452570915222167969
1.95452570915222167969
1.95452570915222167969
1.95452570915222167969
1.95452570915222167969
1.95452570915222167969
1.95452570915222167969
1.95452570915222167969
1.95452570915222167969
1.95452570915222167969
1.95452570915222167969
1.95452570915222167969
1.95452570915222167969
1.95452570915222167969
1.95452570915222167969
1.95452570915222167969
1.95452570915222167969
-4.71912384033203125000
2.80884289741516113281
-57.12623977661132812500
-56.18537521362304687500
-56.18537521362304687500
-56.18537521362304687500
-56.18537521362304687500
-56.18537521362304687500
-57.59815216064453125000
-57.93722152709960937500
-57.93722152709960937500
-57.93722152709960937500
-57.93722152709960937500
-57.93722152709960937500
-57.93722152709960937500
-57.93722152709960937500
-57.93722152709960937500
-54.32776260375976562500
-54.32776260375976562500
-58.82553100585937500000
55.36505508422851562500
55.36505508422851562500
55.36505508422851562500
51.64416503906250000000
51.64416503906250000000
58.51728439331054687500
48.83790969848632812500
51.09299468994140625000
16.49756240844726562500
16.49756240844726562500
17.58844947814941406250
17.58844947814941406250
17.58844947814941406250
17.58844947814941406250
29.15297508239746093750
52.42280578613281250000
52.42280578613281250000
52.42280578613281250000
52.42280578613281250000
52.42280578613281250000
52.42280578613281250000
30.60624504089355468750
30.60624504089355468750
30.60624504089355468750
30.60624504089355468750
30.60624504089355468750
8.07191467285156250000
-28.90032958984375000000
-28.90032958984375000000
-37.82426071166992187500
-33.30730056762695312500
5.32804298400878906250
5.32804298400878906250
5.32804298400878906250
5.32804298400878906250
5.32804298400878906250
5.32804298400878906250
5.32804298400878906250
5.32804298400878906250
5.32804298400878906250
5.32804298400878906250
5.32804298400878906250
5.32804298400878906250
5.32804298400878906250
5.32804298400878906250
5.32804298400878906250
2.29469490051269531250
3.96183919906616210938
3.96183919906616210938
3.96183919906616210938
3.96183919906616210938
4.27447652816772460938
28.35821723937988281250
28.35821723937988281250
29.79847908020019531250
28.92777442932128906250
43.58992004394531250000
3.00735116004943847656
3.00735116004943847656
3.00735116004943847656
3.00735116004943847656
3.88931894302368164062
3.88931894302368164062
3.88931894302368164062
-4.61574220657348632812
27.22275352478027343750
-24.47831153869628906250
-24.47831153869628906250
-24.47831153869628906250
19.56101036071777343750
19.56101036071777343750
19.86731910705566406250
19.86731910705566406250
-7.18630933761596679688
-7.18630933761596679688
6.16601228713989257812
36.66368865966796875000
36.66368865966796875000
-7.19933605194091796875
-7.19933605194091796875
-7.19933605194091796875
-7.19933605194091796875
-7.19933605194091796875
8.19613361358642578125
8.19613361358642578125
7.43461132049560546875
13.02915859222412109375
10.80218315124511718750
10.80218315124511718750
10.80218315124511718750
10.80218315124511718750
10.80218315124511718750
10.80218315124511718750
10.80218315124511718750
10.80218315124511718750
10.80218315124511718750
10.80218315124511718750
10.80218315124511718750
10.80218315124511718750
10.80218315124511718750
10.80218315124511718750
10.80218315124511718750
10.22854137420654296875
10.22854137420654296875
10.22854137420654296875
11.91467380523681640625
11.91467380523681640625
11.91467380523681640625
11.91467380523681640625
11.91467380523681640625
10.90311527252197265625
-49.24980163574218750000
9.75826454162597656250
9.75826454162597656250
-59.44550704956054687500
-59.44550704956054687500
-59.44550704956054687500
-59.44550704956054687500
-59.44550704956054687500
-59.44550704956054687500
25.04827499389648437500
25.04827499389648437500
29.17625617980957031250
23.26562690734863281250
23.26562690734863281250
23.49803161621093750000
32.92624282836914062500
32.92624282836914062500
32.92624282836914062500
6.49270772933959960938
-11.89391422271728515625
-11.89391422271728515625
-11.89391422271728515625
1.63385307788848876953
-1.23222625255584716797
-1.23222625255584716797
-1.23222625255584716797
-0.45714563131332397461
-0.45714563131332397461
-24.66087150573730468750
-0.84302186965942382812
-0.84302186965942382812
-0.84302186965942382812
-0.84302186965942382812
-0.84302186965942382812
-0.84302186965942382812
-0.84302186965942382812
-0.84302186965942382812
-0.84302186965942382812
-0.84302186965942382812
-0.84302186965942382812
-0.84302186965942382812
36.26420974731445312500
36.26420974731445312500
36.26420974731445312500
36.26420974731445312500
36.26420974731445312500
36.26420974731445312500
36.26420974731445312500
36.26420974731445312500
36.26420974731445312500
36.26420974731445312500
36.26420974731445312500
36.26420974731445312500
36.26420974731445312500
-53.55183029174804687500
34.14342498779296875000
21.74647140502929687500
9.71534824371337890625
9.71534824371337890625
-55.14352798461914062500
-35.61991500854492187500
8.67736434936523437500
-56.56822967529296875000
-55.98104095458984375000
-55.98104095458984375000
-3.59769296646118164062
-3.59769296646118164062
-3.59769296646118164062
-51.51943969726562500000
-51.16621398925781250000
-51.16621398925781250000
-51.16621398925781250000
-51.16621398925781250000
-51.16621398925781250000
-43.58475875854492187500
-11.33196067810058593750
-13.75336933135986328125
-43.15916442871093750000
-43.15916442871093750000
-43.15916442871093750000
-43.46221923828125000000
-43.46221923828125000000
-37.32759475708007812500
-37.32759475708007812500
-28.31408500671386718750
-26.78823661804199218750
-26.78823661804199218750
-26.78823661804199218750
-26.78823661804199218750
-26.78823661804199218750
-26.78823661804199218750
-26.78823661804199218750
0.00000000000000000000
0.00000000000000000000
0.00000000000000000000
0.00000000000000000000
44.48703384399414062500
-38.75583648681640625000
46.19837188720703125000
46.19837188720703125000
46.19837188720703125000
46.19837188720703125000
46.19837188720703125000
46.47288894653320312500
46.47288894653320312500
46.47288894653320312500
-35.43188095092773437500
-35.43188095092773437500
22.53253173828125000000
22.53253173828125000000
20.88040351867675781250
20.88040351867675781250
20.88040351867675781250
20.88040351867675781250
20.88040351867675781250
20.88040351867675781250
20.88040351867675781250
20.88040351867675781250
58.41840362548828125000
44.43014144897460937500
44.43014144897460937500
44.43014144897460937500
44.43014144897460937500
50.28817367553710937500
50.28817367553710937500
55.77223587036132812500
58.42328643798828125000
43.20831298828125000000
43.20831298828125000000
23.40855407714843750000
23.40855407714843750000
23.40855407714843750000
23.40855407714843750000
23.40855407714843750000
23.40855407714843750000
22.07877540588378906250
22.07877540588378906250
22.07877540588378906250
59.38203430175781250000
-58.67477416992187500000
-57.83024215698242187500
-57.83024215698242187500
-57.83024215698242187500
-57.83024215698242187500
58.00578308105468750000
58.00578308105468750000
58.00578308105468750000
50.43220520019531250000
54.45628738403320312500
54.45628738403320312500
54.45628738403320312500
54.45628738403320312500
58.17014694213867187500
1.25978457927703857422
1.25978457927703857422
3.20671606063842773438
3.20671606063842773438
2.35990762710571289062
2.35990762710571289062
2.35990762710571289062
2.35990762710571289062
2.06028985977172851562
2.06028985977172851562
2.06028985977172851562
2.06028985977172851562
2.06028985977172851562
2.06028985977172851562
1.89823746681213378906
1.89823746681213378906
1.89823746681213378906
1.89823746681213378906
1.89823746681213378906
1.89823746681213378906
1.89823746681213378906
1.89823746681213378906
1.89823746681213378906
1.89823746681213378906
1.89823746681213378906
1.89823746681213378906
1.83604001998901367188
1.83604001998901367188
1.83604001998901367188
1.83604001998901367188
1.83604001998901367188
3.61471366882324218750
-6.92827606201171875000
-6.92827606201171875000
-6.92827606201171875000
-6.92827606201171875000
-47.38339614868164062500
-47.38339614868164062500
59.71562576293945312500
-43.59223556518554687500
-43.59223556518554687500
-43.59223556518554687500
-7.43472671508789062500
-8.92412948608398437500
-8.22302913665771484375
-11.52210903167724609375
-11.87241935729980468750
-11.87241935729980468750
-10.08369064331054687500
-10.08369064331054687500
14.00420951843261718750
14.00420951843261718750
14.00420951843261718750
14.00420951843261718750
14.00420951843261718750
14.59965038299560546875
18.73232460021972656250
20.99463844299316406250
22.97026824951171875000
12.39427280426025390625
-57.93722152709960937500
-57.93722152709960937500
-58.28233718872070312500
-58.28233718872070312500
-58.28233718872070312500
51.95276641845703125000
51.95276641845703125000
-56.98597717285156250000
-56.98597717285156250000
37.08232116699218750000
29.36243247985839843750
29.36243247985839843750
26.26476287841796875000
30.18616485595703125000
27.95389556884765625000
16.09428215026855468750
16.09428215026855468750
16.54506683349609375000
16.54506683349609375000
16.54506683349609375000
16.54506683349609375000
16.54506683349609375000
16.54506683349609375000
16.54506683349609375000
16.54506683349609375000
16.54506683349609375000
16.54506683349609375000
16.54506683349609375000
16.54506683349609375000
-25.32144927978515625000
-8.36499309539794921875
-8.36499309539794921875
-8.36499309539794921875
-8.36499309539794921875
-8.36499309539794921875
-8.36499309539794921875
-8.36499309539794921875
-8.36499309539794921875
-8.36499309539794921875
-8.36499309539794921875
-8.36499309539794921875
-8.36499309539794921875
-8.36499309539794921875
-22.09090614318847656250
-22.09090614318847656250
24.08340454101562500000
24.08340454101562500000
-47.34793853759765625000
-48.16466903686523437500
-48.16466903686523437500
-48.16466903686523437500
-48.16466903686523437500
-48.16466903686523437500
-48.16466903686523437500
-48.16466903686523437500
-48.16466903686523437500
33.03210449218750000000
33.03210449218750000000
33.03210449218750000000
33.03210449218750000000
28.06283187866210937500
30.94997024536132812500
30.94997024536132812500
30.94997024536132812500
30.94997024536132812500
30.94997024536132812500
30.94997024536132812500
30.94997024536132812500
30.94997024536132812500
30.94997024536132812500
30.94997024536132812500
30.94997024536132812500
-33.66653823852539062500
-33.66653823852539062500
2.28374385833740234375
-9.57748031616210937500
-9.57748031616210937500
-9.57748031616210937500
-9.57748031616210937500
-9.57748031616210937500
-9.57748031616210937500
-9.57748031616210937500
-9.57748031616210937500
-9.57748031616210937500
-9.57748031616210937500
34.14418411254882812500
34.14418411254882812500
32.76164245605468750000
32.76164245605468750000
32.76164245605468750000
32.76164245605468750000
32.76164245605468750000
36.72462081909179687500
36.61940765380859375000
36.61940765380859375000
-38.42847061157226562500
-38.42847061157226562500
-38.42847061157226562500
-38.42847061157226562500
-38.42847061157226562500
-38.42847061157226562500
-38.42847061157226562500
-38.42847061157226562500
-38.42847061157226562500
-33.44184875488281250000
-43.59399795532226562500
-43.59399795532226562500
-43.59399795532226562500
-42.17337417602539062500
-42.17337417602539062500
-42.17337417602539062500
-42.17337417602539062500
-42.17337417602539062500
-42.17337417602539062500
-42.17337417602539062500
-42.17337417602539062500
13.82346153259277343750
-42.61107254028320312500
14.81338596343994140625
15.80575466156005859375
43.60822296142578125000
47.28029632568359375000
15.16982269287109375000
15.16982269287109375000
15.16982269287109375000
32.29990005493164062500
32.29990005493164062500
16.45260810852050781250
32.95682907104492187500
32.95682907104492187500
32.95682907104492187500
32.95682907104492187500
32.95682907104492187500
32.95682907104492187500
32.95682907104492187500
33.50593566894531250000
16.51441383361816406250
16.51441383361816406250
34.50351333618164062500
32.63032913208007812500
-15.42073154449462890625
30.81338500976562500000
-11.93242359161376953125
-14.28759670257568359375
-14.28759670257568359375
18.31544685363769531250
-13.13052940368652343750
-12.72138404846191406250
-14.81155204772949218750
-14.81155204772949218750
-14.81155204772949218750
-4.03775167465209960938
59.25308609008789062500
59.25308609008789062500
59.67650985717773437500
59.67650985717773437500
59.67650985717773437500
59.67650985717773437500
59.67650985717773437500
59.67650985717773437500
-4.23593711853027343750
41.88102340698242187500
41.88102340698242187500
41.88102340698242187500
41.88102340698242187500
41.88102340698242187500
41.88102340698242187500
52.42280578613281250000
52.42280578613281250000
52.42280578613281250000
52.42280578613281250000
52.42280578613281250000
-48.06208419799804687500
28.72765922546386718750
28.72765922546386718750
28.72765922546386718750
28.72765922546386718750
28.72765922546386718750
28.72765922546386718750
28.72765922546386718750
28.72765922546386718750
32.95770263671875000000
32.95770263671875000000
32.95770263671875000000
32.95770263671875000000
-28.13806915283203125000
-28.13806915283203125000
-28.25959968566894531250
-28.25959968566894531250
-28.25959968566894531250
-28.25959968566894531250
-28.25959968566894531250
-15.57178783416748046875
-15.75584793090820312500
-15.75584793090820312500
-15.75584793090820312500
-15.75584793090820312500
56.29636383056640625000
56.29636383056640625000
29.53888511657714843750
29.53888511657714843750
29.53888511657714843750
28.41506767272949218750
28.41506767272949218750
28.41506767272949218750
28.41506767272949218750
28.41506767272949218750
28.41506767272949218750
28.41506767272949218750
-0.85847485065460205078
-43.22690963745117187500
-43.22690963745117187500
-43.22690963745117187500
-43.22690963745117187500
1.32892441749572753906
1.32892441749572753906
1.32892441749572753906
19.06208229064941406250
1.71079146862030029297
-1.24727499485015869141
-1.24727499485015869141
-42.41934585571289062500
-42.41934585571289062500
-44.91728973388671875000
-44.91728973388671875000
-44.91728973388671875000
-44.91728973388671875000
-44.91728973388671875000
-44.91728973388671875000
-44.91728973388671875000
-44.91728973388671875000
-44.91728973388671875000
-44.91728973388671875000
24.11901473999023437500
24.11901473999023437500
28.09122848510742187500
28.09122848510742187500
28.09122848510742187500
28.09122848510742187500
28.35821723937988281250
28.35821723937988281250
27.15542030334472656250
27.15542030334472656250
23.03964614868164062500
24.07370567321777343750
24.07370567321777343750
25.47024726867675781250
25.47024726867675781250
25.47024726867675781250
25.47024726867675781250
25.47024726867675781250
25.47024726867675781250
25.47024726867675781250
25.47024726867675781250
25.47024726867675781250
25.47024726867675781250
25.47024726867675781250
25.47024726867675781250
25.47024726867675781250
25.47024726867675781250
-29.26931762695312500000
-29.98757743835449218750
-29.98757743835449218750
-31.47694396972656250000
-31.47694396972656250000
-31.47694396972656250000
-30.52915000915527343750
-30.52915000915527343750
-30.52915000915527343750
0.00000000000000000000
0.00000000000000000000
0.00000000000000000000
32.37556457519531250000
-27.43825531005859375000
-27.43825531005859375000
-27.43825531005859375000
-28.82805252075195312500
-28.82805252075195312500
-28.82805252075195312500
-28.82805252075195312500
-28.82805252075195312500
-28.82805252075195312500
-28.82805252075195312500
-28.82805252075195312500
-28.82805252075195312500
-28.82805252075195312500
12.47780990600585937500
9.50036716461181640625
55.87751770019531250000
55.87751770019531250000
55.87751770019531250000
55.87751770019531250000
55.87751770019531250000
12.47780990600585937500
12.47780990600585937500
12.47780990600585937500
12.47780990600585937500
12.47780990600585937500
12.47780990600585937500
-43.97961425781250000000
-43.97961425781250000000
-46.84628677368164062500
-46.84628677368164062500
-46.84628677368164062500
-46.84628677368164062500
-46.84628677368164062500
-46.84628677368164062500
-46.84628677368164062500
-37.44673156738281250000
-37.44673156738281250000
-37.44673156738281250000
-10.22119235992431640625
-9.70691680908203125000
-12.45007228851318359375
-8.58540725708007812500
-8.58540725708007812500
-8.58540725708007812500
-12.19665431976318359375
-12.19665431976318359375
-12.19665431976318359375
-12.19665431976318359375
-14.28759670257568359375
-14.28759670257568359375
-14.28759670257568359375
-14.28759670257568359375
-15.83612632751464843750
-15.83612632751464843750
-13.83308696746826171875
-13.83308696746826171875
-14.28759670257568359375
-14.28759670257568359375
-5.98770189285278320312
-32.01618194580078125000
-36.54093933105468750000
-36.54093933105468750000
-36.54093933105468750000
-32.45479965209960937500
-32.45479965209960937500
-52.38173294067382812500
-52.38173294067382812500
-6.79127502441406250000
20.33986282348632812500
20.33986282348632812500
-6.05776548385620117188
20.39649963378906250000
20.39649963378906250000
-5.38737583160400390625
-5.38737583160400390625
-5.38737583160400390625
-5.38737583160400390625
19.53232192993164062500
21.27583694458007812500
21.27583694458007812500
21.27583694458007812500
12.34103870391845703125
12.34103870391845703125
12.34103870391845703125
12.34103870391845703125
12.34103870391845703125
12.34103870391845703125
-4.03187131881713867188
39.73766326904296875000
39.73766326904296875000
39.73766326904296875000
39.73766326904296875000
39.73766326904296875000
39.73766326904296875000
-18.19919013977050781250
-17.12171173095703125000
-14.39176368713378906250
-14.39176368713378906250
-14.39176368713378906250
-14.39176368713378906250
-14.42202472686767578125
-16.50882148742675781250
-16.50882148742675781250
-16.50882148742675781250
-16.50882148742675781250
-16.50882148742675781250
-16.50882148742675781250
-16.50882148742675781250
-16.50882148742675781250
-16.50882148742675781250
-16.50882148742675781250
-16.50882148742675781250
-16.50882148742675781250
-3.38004088401794433594
-3.38004088401794433594
12.47780990600585937500
9.58678817749023437500
9.58678817749023437500
9.58678817749023437500
12.47780990600585937500
0.17577968537807464600
57.69410324096679687500
57.69410324096679687500
57.69410324096679687500
57.69410324096679687500
57.69410324096679687500
57.69410324096679687500
57.69410324096679687500
-1.41994094848632812500
-1.41994094848632812500
-0.69148337841033935547
-0.69148337841033935547
56.88341522216796875000
-3.59769296646118164062
-1.85830533504486083984
57.78610610961914062500
-2.46649885177612304688
-1.42585182189941406250
40.04890441894531250000
40.04890441894531250000
40.04890441894531250000
40.04890441894531250000
40.04890441894531250000
42.13168716430664062500
42.13168716430664062500
42.13168716430664062500
17.15619468688964843750
20.39649963378906250000
20.39649963378906250000
20.39649963378906250000
12.47780990600585937500
12.47780990600585937500
9.83938694000244140625
12.47780990600585937500
12.47780990600585937500
12.47780990600585937500
12.47780990600585937500
12.47780990600585937500
12.47780990600585937500
-0.02456433512270450592
-0.02456433512270450592
-0.02456433512270450592
-0.44160336256027221680
25.39808845520019531250
-44.44731521606445312500
-44.18280029296875000000
2.72126984596252441406
2.72126984596252441406
-33.49879455566406250000
-33.49879455566406250000
-33.49879455566406250000
-33.49879455566406250000
-33.49879455566406250000
-32.92923355102539062500
-32.92923355102539062500
-32.92923355102539062500
-32.92923355102539062500
-32.92923355102539062500
-32.92923355102539062500
49.62346649169921875000
49.62346649169921875000
-32.37768936157226562500
-13.66203594207763671875
-13.66203594207763671875
-13.66203594207763671875
-13.66203594207763671875
-13.66203594207763671875
-52.25071334838867187500
-45.80298233032226562500
-45.80298233032226562500
-45.80298233032226562500
-51.11859512329101562500
-51.11859512329101562500
-51.11859512329101562500
-51.11859512329101562500
-51.11859512329101562500
-51.11859512329101562500
-51.11859512329101562500
-31.27681541442871093750
-31.27681541442871093750
-28.76679039001464843750
-28.76679039001464843750
-28.76679039001464843750
-28.76679039001464843750
-28.76679039001464843750
-28.76679039001464843750
-28.76679039001464843750
-28.76679039001464843750
16.56203079223632812500
16.56203079223632812500
16.56203079223632812500
16.56203079223632812500
16.55528831481933593750
16.55528831481933593750
16.55528831481933593750
16.55528831481933593750
5.66620063781738281250
5.66620063781738281250
-34.43761062622070312500
14.00036430358886718750
14.00036430358886718750
-33.51420593261718750000
-33.51420593261718750000
-31.24867820739746093750
-31.24867820739746093750
18.31412506103515625000
18.31412506103515625000
-12.63957881927490234375
-12.63957881927490234375
16.94353294372558593750
45.20479583740234375000
45.20479583740234375000
45.20479583740234375000
45.20479583740234375000
45.20479583740234375000
45.20479583740234375000
18.33040809631347656250
18.33040809631347656250
18.33040809631347656250
18.33040809631347656250
6.95766019821166992188
6.95766019821166992188
6.95766019821166992188
-19.87480354309082031250
-19.87480354309082031250
-19.87480354309082031250
-19.87480354309082031250
-19.87480354309082031250
-19.87480354309082031250
-19.87480354309082031250
-19.87480354309082031250
-19.87480354309082031250
-19.87480354309082031250
-19.87480354309082031250
-19.87480354309082031250
41.44172286987304687500
41.44172286987304687500
44.84181594848632812500
42.18516159057617187500
42.10210418701171875000
42.10210418701171875000
42.10210418701171875000
42.10210418701171875000
41.08560943603515625000
41.08560943603515625000
-20.84870147705078125000
-20.84870147705078125000
-21.95041275024414062500
-8.75668621063232421875
-8.75668621063232421875
-8.75668621063232421875
-8.75668621063232421875
-8.75668621063232421875
-21.36227416992187500000
2.28469991683959960938
3.00735116004943847656
14.14272403717041015625
14.14272403717041015625
14.14272403717041015625
14.14272403717041015625
14.14272403717041015625
-9.00970554351806640625
58.26790618896484375000
-7.23084211349487304688
-7.09908676147460937500
-7.09908676147460937500
-15.57178783416748046875
-15.57178783416748046875
-15.57178783416748046875
-15.57178783416748046875
-15.57178783416748046875
-15.57178783416748046875
-15.57178783416748046875
-6.47559976577758789062
-12.32512474060058593750
-12.32512474060058593750
-12.32512474060058593750
0.55990093946456909180
0.29008480906486511230
-26.10378265380859375000
-26.10378265380859375000
54.48106384277343750000
51.66939163208007812500
46.67074584960937500000
47.50661468505859375000
47.50661468505859375000
47.50661468505859375000
47.50661468505859375000
50.23577880859375000000
50.23577880859375000000
50.23577880859375000000
50.38134765625000000000
50.38134765625000000000
50.38134765625000000000
50.38134765625000000000
48.78041839599609375000
-24.27953529357910156250
45.45419692993164062500
45.45419692993164062500
-33.37435150146484375000
48.58292770385742187500
38.43980789184570312500
47.73341369628906250000
47.73341369628906250000
47.37720489501953125000
47.37720489501953125000
58.68672180175781250000
58.68672180175781250000
58.68672180175781250000
58.68672180175781250000
-21.12383460998535156250
-57.93722152709960937500
-59.35126495361328125000
58.50658798217773437500
59.51166534423828125000
59.51166534423828125000
59.51166534423828125000
59.51166534423828125000
59.51166534423828125000
59.51166534423828125000
59.51166534423828125000
59.51166534423828125000
-9.85480308532714843750
-3.93603062629699707031
-9.35585689544677734375
2.03186178207397460938
-2.44440269470214843750
-2.44440269470214843750
-2.44440269470214843750
-2.44440269470214843750
-2.44440269470214843750
-2.44440269470214843750
-2.44440269470214843750
35.08459854125976562500
-19.47958946228027343750
-18.85983276367187500000
-18.85983276367187500000
-18.85983276367187500000
-18.85983276367187500000
-18.85983276367187500000
-18.85983276367187500000
-18.85983276367187500000
-20.32690620422363281250
-21.03462982177734375000
-21.03462982177734375000
-21.03462982177734375000
-21.03462982177734375000
-21.03462982177734375000
-6.15845298767089843750
8.98137569427490234375
8.98137569427490234375
8.98137569427490234375
8.98137569427490234375
4.44037151336669921875
4.44182968139648437500
4.44182968139648437500
28.01365852355957031250
28.01365852355957031250
28.01365852355957031250
28.01365852355957031250
28.01365852355957031250
28.01365852355957031250
28.01365852355957031250
28.01365852355957031250
28.01365852355957031250
27.86638450622558593750
27.86638450622558593750
27.57815361022949218750
27.57815361022949218750
27.57815361022949218750
27.57815361022949218750
57.14881134033203125000
57.14881134033203125000
17.11811637878417968750
17.11811637878417968750
17.11811637878417968750
17.11811637878417968750
17.11811637878417968750
17.11811637878417968750
17.11811637878417968750
17.11811637878417968750
16.24324989318847656250
16.24324989318847656250
16.24324989318847656250
16.24324989318847656250
16.24324989318847656250
16.24324989318847656250
16.24324989318847656250
16.24324989318847656250
16.39424896240234375000
19.72259902954101562500
-47.39939117431640625000
-47.39939117431640625000
-47.39939117431640625000
-47.39939117431640625000
-47.39939117431640625000
-47.39939117431640625000
-47.85625839233398437500
-47.85625839233398437500
-47.85625839233398437500
-11.28283882141113281250
-11.28283882141113281250
-11.28283882141113281250
-11.88029479980468750000
-11.88029479980468750000
-11.88029479980468750000
-11.88029479980468750000
-11.88029479980468750000
-11.88029479980468750000
-11.88029479980468750000
-0.10934812575578689575
-2.12552261352539062500
-4.23593711853027343750
-4.23593711853027343750
-13.48972988128662109375
-13.48972988128662109375
-13.48972988128662109375
-13.48972988128662109375
-13.48972988128662109375
-6.25562620162963867188
-6.25562620162963867188
-6.25562620162963867188
-6.25562620162963867188
-22.02677726745605468750
-22.02677726745605468750
-22.02677726745605468750
-22.02677726745605468750
-22.02677726745605468750
-22.02677726745605468750
55.35235595703125000000
55.35235595703125000000
1.69293093681335449219
1.69293093681335449219
1.69293093681335449219
1.69293093681335449219
21.15697479248046875000
16.36004638671875000000
16.36004638671875000000
57.13924789428710937500
57.69410324096679687500
57.69410324096679687500
57.69410324096679687500
53.70518112182617187500
53.70518112182617187500
52.44411468505859375000
52.44411468505859375000
52.44411468505859375000
52.72670745849609375000
58.45629119873046875000
58.45629119873046875000
48.23875427246093750000
48.53404617309570312500
54.29085540771484375000
49.44115066528320312500
55.44448471069335937500
48.69836044311523437500
48.69836044311523437500
54.83731079101562500000
57.64824295043945312500
57.64824295043945312500
-59.67429733276367187500
-59.67429733276367187500
-59.67429733276367187500
-59.67429733276367187500
-59.67429733276367187500
-56.86305236816406250000
55.82992553710937500000
59.44739151000976562500
59.44739151000976562500
59.44739151000976562500
59.44739151000976562500
59.44739151000976562500
59.44739151000976562500
-50.58679962158203125000
-50.58679962158203125000
-50.58679962158203125000
19.37833976745605468750
16.09935188293457031250
16.09935188293457031250
16.09935188293457031250
16.09935188293457031250
16.09935188293457031250
16.09935188293457031250
12.55356693267822265625
-8.36184883117675781250
-8.36184883117675781250
-8.36184883117675781250
-8.36184883117675781250
-8.36184883117675781250
-8.36184883117675781250
-8.36184883117675781250
-8.36184883117675781250
-8.36184883117675781250
-8.36184883117675781250
-8.36184883117675781250
-8.36184883117675781250
-8.08713722229003906250
-8.08713722229003906250
-8.08713722229003906250
-4.23593711853027343750
-4.23593711853027343750
-4.23593711853027343750
-4.23593711853027343750
-5.69447708129882812500
-4.23593711853027343750
-4.23593711853027343750
-51.17015838623046875000
-51.17015838623046875000
-15.44521808624267578125
-15.44521808624267578125
-15.44521808624267578125
32.47893142700195312500
32.47893142700195312500
32.47893142700195312500
31.00568389892578125000
31.00568389892578125000
31.00568389892578125000
-46.74266815185546875000
-46.74266815185546875000
-32.61183166503906250000
-32.61183166503906250000
6.65874528884887695312
6.40573883056640625000
6.40573883056640625000
6.40573883056640625000
6.40573883056640625000
6.40573883056640625000
-6.28462648391723632812
-41.02154159545898437500
-41.02154159545898437500
-41.02154159545898437500
-41.02154159545898437500
-41.02154159545898437500
-41.02154159545898437500
-41.02154159545898437500
-41.02154159545898437500
-41.02154159545898437500
-41.02154159545898437500
-41.02154159545898437500
-41.02154159545898437500
-41.02154159545898437500
-41.02154159545898437500
-44.13694381713867187500
-46.82447433471679687500
-10.45059967041015625000
-10.45059967041015625000
-10.45059967041015625000
-10.45059967041015625000
-9.35104179382324218750
-10.42788600921630859375
-10.42788600921630859375
-10.42788600921630859375
-10.42788600921630859375
-10.42788600921630859375
-10.42788600921630859375
-10.42788600921630859375
-10.42788600921630859375
-10.42788600921630859375
-10.53557491302490234375
-14.54198646545410156250
-11.72160434722900390625
-10.11749458312988281250
-10.47186088562011718750
-10.45434474945068359375
-10.20638370513916015625
-10.20638370513916015625
-10.20638370513916015625
-10.20638370513916015625
11.69093704223632812500
10.74328231811523437500
10.74328231811523437500
10.74328231811523437500
11.69099998474121093750
11.69099998474121093750
11.69099998474121093750
11.69099998474121093750
11.69099998474121093750
11.69099998474121093750
11.69099998474121093750
12.07669353485107421875
12.07669353485107421875
12.07669353485107421875
51.41708374023437500000
6.05833864212036132812
6.05833864212036132812
6.05833864212036132812
6.05833864212036132812
35.68318557739257812500
35.68318557739257812500
35.68318557739257812500
35.68318557739257812500
35.68318557739257812500
35.68318557739257812500
35.68318557739257812500
56.70478057861328125000
52.64970779418945312500
52.64970779418945312500
52.64970779418945312500
-11.05849552154541015625
-11.05849552154541015625
-11.05849552154541015625
-15.57178783416748046875
-43.21546936035156250000
-43.21546936035156250000
-43.21546936035156250000
-43.21546936035156250000
-43.21546936035156250000
-43.21546936035156250000
-42.65255737304687500000
-42.65255737304687500000
-42.65255737304687500000
-42.65255737304687500000
-42.65255737304687500000
-42.65255737304687500000
-42.65255737304687500000
-42.65255737304687500000
-42.65255737304687500000
-42.28293609619140625000
-42.28293609619140625000
-42.28293609619140625000
-42.28293609619140625000
-42.28293609619140625000
-42.28293609619140625000
-42.28293609619140625000
-42.28293609619140625000
-42.28293609619140625000
-42.28293609619140625000
-42.28293609619140625000
51.95276641845703125000
46.37862777709960937500
46.37862777709960937500
52.87026596069335937500
52.87026596069335937500
52.88040924072265625000
52.88040924072265625000
52.88040924072265625000
52.88040924072265625000
52.88040924072265625000
52.88040924072265625000
40.14706420898437500000
40.14706420898437500000
40.14706420898437500000
40.14706420898437500000
-23.54516410827636718750
-24.68697357177734375000
-24.68697357177734375000
-24.68697357177734375000
-24.68697357177734375000
-24.68697357177734375000
-24.68697357177734375000
-23.96330642700195312500
-23.96330642700195312500
-22.78197669982910156250
-22.78197669982910156250
-22.78197669982910156250
25.54678153991699218750
-15.46162700653076171875
-15.46162700653076171875
-16.64673995971679687500
-16.64673995971679687500
-16.64673995971679687500
-4.23593711853027343750
-3.65817594528198242188
-3.65817594528198242188
-3.65817594528198242188
-3.65817594528198242188
-3.40293741226196289062
-3.40293741226196289062
-3.40293741226196289062
-3.40293741226196289062
-3.08178186416625976562
-3.08178186416625976562
-3.08178186416625976562
-3.08178186416625976562
-3.08178186416625976562
-3.08178186416625976562
-3.08178186416625976562
-3.08178186416625976562
-2.12347769737243652344
-1.68751418590545654297
-1.68751418590545654297
-1.68751418590545654297
-1.68751418590545654297
-1.68751418590545654297
-1.68751418590545654297
9.02278041839599609375
-41.90108108520507812500
-41.90108108520507812500
-41.55380249023437500000
-41.55380249023437500000
-40.11437606811523437500
-40.11437606811523437500
-40.11437606811523437500
-40.11437606811523437500
40.34721755981445312500
47.70110321044921875000
51.95276641845703125000
-28.32336616516113281250
46.72505187988281250000
46.72505187988281250000
50.20481872558593750000
50.20481872558593750000
45.77593994140625000000
45.77593994140625000000
53.43487930297851562500
53.43487930297851562500
-50.27654647827148437500
50.53434753417968750000
49.15049362182617187500
49.80548858642578125000
46.60632324218750000000
45.30278778076171875000
45.30278778076171875000
45.30278778076171875000
45.30278778076171875000
45.30278778076171875000
45.30278778076171875000
43.55784225463867187500
43.55784225463867187500
43.55784225463867187500
43.55784225463867187500
43.55784225463867187500
43.55784225463867187500
43.55784225463867187500
51.95276641845703125000
44.70399475097656250000
44.70399475097656250000
-32.89303970336914062500
-32.89303970336914062500
-32.89303970336914062500
-33.77257156372070312500
-33.77257156372070312500
4.08362770080566406250
56.70478057861328125000
47.95138549804687500000
50.48551559448242187500
50.48551559448242187500
50.48551559448242187500
50.48551559448242187500
-46.61650085449218750000
-46.61650085449218750000
-46.61650085449218750000
-46.61650085449218750000
-46.61650085449218750000
-46.61650085449218750000
-46.61650085449218750000
-46.61650085449218750000
58.73070144653320312500
58.73070144653320312500
58.73070144653320312500
48.39244079589843750000
48.39244079589843750000
-9.61539363861083984375
-9.61539363861083984375
-9.61539363861083984375
-9.61539363861083984375
38.81066131591796875000
41.51965713500976562500
41.51965713500976562500
41.51965713500976562500
41.51965713500976562500
41.51965713500976562500
42.44721984863281250000
43.14627075195312500000
15.91921234130859375000
15.91921234130859375000
15.91921234130859375000
20.39649963378906250000
-1.12307190895080566406

[98]=59.798168 | [143]=-59.984497
